0,22.96
1,22.97
2,22.99
3,23.02
4,23.04
5,23.07
6,23.11
7,23.15
8,23.18
9,23.23
10,23.26
11,23.31
12,23.37
13,23.43
14,23.47
15,23.53
16,23.58
17,23.64
18,23.69
19,23.75
20,23.81
21,23.86
22,23.93
23,23.98
24,24.05
25,24.1
26,24.15
27,24.22
28,24.28
29,24.35
30,24.56
31,24.69
32,24.77
33,24.89
34,25.04
35,25.11
36,25.2
37,25.28
38,25.36
39,25.44
40,25.52
41,25.61
42,25.69
43,25.77
44,25.85
45,25.92
46,26.01
47,26.09
48,26.16
49,26.24
50,26.34
51,26.4
52,26.48
53,26.57
54,26.64
55,26.72
56,26.8
57,26.87
58,26.95
59,27.03
60,27.1
61,27.19
62,27.27
63,27.33
64,27.42
65,27.49
66,27.58
67,27.65
68,27.72
69,27.8
70,27.88
71,27.96
72,28.02
73,28.1
74,28.17
75,28.24
76,28.32
77,28.39
78,28.46
79,28.53
80,28.62
81,28.68
82,28.76
83,28.83
84,28.91
85,28.98
86,29.04
87,29.11
88,29.18
89,29.26
90,29.32
91,29.39
92,29.46
93,29.53
94,29.59
95,29.66
96,29.72
97,29.79
98,29.87
99,29.93
100,30
101,30.06
102,30.13
103,30.19
104,30.26
105,30.33
106,30.4
107,30.47
108,30.53
109,30.59
110,30.64
111,30.7
112,30.78
113,30.84
114,30.91
115,30.97
116,31.03
117,31.08
118,31.14
119,31.22
120,31.27
121,31.34
122,31.39
123,31.45
124,31.5
125,31.57
126,31.61
127,31.68
128,31.74
129,31.8
130,31.86
131,31.91
132,31.95
133,32.02
134,32.08
135,32.14
136,32.2
137,32.25
138,32.3
139,32.35
140,32.41
141,32.48
142,32.52
143,32.58
144,32.63
145,32.7
146,32.73
147,32.81
148,32.86
149,32.9
150,32.96
151,33
152,33.06
153,33.11
154,33.17
155,33.21
156,33.26
157,33.31
158,33.36
159,33.4
160,33.45
161,33.51
162,33.57
163,33.6
164,33.65
165,33.7
166,33.74
167,33.8
168,33.84
169,33.9
170,33.94
171,34
172,34.04
173,34.08
174,34.13
175,34.18
176,34.22
177,34.27
178,34.31
179,34.36
180,34.38
181,34.44
182,34.49
183,34.52
184,34.57
185,34.62
186,34.66
187,34.7
188,34.75
189,34.79
190,34.83
191,34.87
192,34.92
193,34.96
194,35
195,35.04
196,35.08
197,35.12
198,35.17
199,35.21
200,35.24
201,35.28
202,35.34
203,35.38
204,35.4
205,35.45
206,35.48
207,35.53
208,35.55
209,35.6
210,35.64
211,35.68
212,35.72
213,35.75
214,35.79
215,35.83
216,35.86
217,35.9
218,35.93
219,35.97
220,36.01
221,36.05
222,36.08
223,36.12
224,36.15
225,36.18
226,36.22
227,36.26
228,36.29
229,36.31
230,36.36
231,36.39
232,36.42
233,36.45
234,36.49
235,36.53
236,36.56
237,36.59
238,36.62
239,36.66
240,36.69
241,36.72
242,36.77
243,36.79
244,36.82
245,36.85
246,36.88
247,36.91
248,36.93
249,36.97
250,36.99
251,37.04
252,37.08
253,37.1
254,37.12
255,37.15
256,37.18
257,37.21
258,37.24
259,37.27
260,37.29
261,37.33
262,37.36
263,37.39
264,37.42
265,37.45
266,37.47
267,37.5
268,37.53
269,37.55
270,37.59
271,37.61
272,37.64
273,37.66
274,37.7
275,37.71
276,37.75
277,37.78
278,37.81
279,37.83
280,37.87
281,37.89
282,37.92
283,37.94
284,37.97
285,38
286,38.02
287,38.05
288,38.07
289,38.1
290,38.12
291,38.14
292,38.17
293,38.18
294,38.21
295,38.25
296,38.26
297,38.29
298,38.32
299,38.33
300,38.36
301,38.37
302,38.41
303,38.42
304,38.45
305,38.47
306,38.49
307,38.51
308,38.53
309,38.56
310,38.58
311,38.6
312,38.62
313,38.64
314,38.67
315,38.69
316,38.72
317,38.74
318,38.75
319,38.77
320,38.79
321,38.82
322,38.83
323,38.85
324,38.87
325,38.9
326,38.92
327,38.94
328,38.96
329,38.98
330,39.01
331,39.03
332,39.06
333,39.08
334,39.1
335,39.11
336,39.13
337,39.16
338,39.19
339,39.21
340,39.22
341,39.24
342,39.26
343,39.28
344,39.31
345,39.33
346,39.34
347,39.35
348,39.37
349,39.4
350,39.42
351,39.43
352,39.46
353,39.47
354,39.5
355,39.51
356,39.53
357,39.54
358,39.56
359,39.57
360,39.6
361,39.61
362,39.64
363,39.65
364,39.66
365,39.69
366,39.7
367,39.72
368,39.74
369,39.75
370,39.77
371,39.79
372,39.81
373,39.83
374,39.84
375,39.86
376,39.87
377,39.89
378,39.91
379,39.93
380,39.94
381,39.96
382,39.98
383,39.99
384,40.01
385,40.02
386,40.04
387,40.06
388,40.07
389,40.09
390,40.1
391,40.11
392,40.12
393,40.14
394,40.15
395,40.17
396,40.18
397,40.18
398,40.2
399,40.22
400,40.24
401,40.25
402,40.28
403,40.29
404,40.3
405,40.31
406,40.33
407,40.34
408,40.35
409,40.37
410,40.39
411,40.4
412,40.42
413,40.43
414,40.44
415,40.45
416,40.47
417,40.49
418,40.5
419,40.52
420,40.52
421,40.53
422,40.55
423,40.57
424,40.58
425,40.6
426,40.61
427,40.62
428,40.63
429,40.65
430,40.65
431,40.66
432,40.68
433,40.69
434,40.7
435,40.72
436,40.72
437,40.73
438,40.74
439,40.76
440,40.76
441,40.78
442,40.78
443,40.8
444,40.82
445,40.83
446,40.85
447,40.85
448,40.86
449,40.87
450,40.88
451,40.89
452,40.9
453,40.92
454,40.92
455,40.94
456,40.94
457,40.95
458,40.96
459,40.98
460,40.98
461,40.98
462,41.01
463,41.02
464,41.03
465,41.04
466,41.05
467,41.06
468,41.08
469,41.08
470,41.09
471,41.1
472,41.11
473,41.11
474,41.13
475,41.14
476,41.15
477,41.16
478,41.17
479,41.19
480,41.2
481,41.23
482,41.23
483,41.24
484,41.24
485,41.27
486,41.27
487,41.28
488,41.3
489,41.3
490,41.31
491,41.32
492,41.33
493,41.35
494,41.36
495,41.38
496,41.39
497,41.4
498,41.42
499,41.42
500,41.43
501,41.44
502,41.45
503,41.45
504,41.46
505,41.48
506,41.48
507,41.5
508,41.5
509,41.51
510,41.52
511,41.53
512,41.54
513,41.54
514,41.55
515,41.57
516,41.57
517,41.58
518,41.59
519,41.6
520,41.62
521,41.62
522,41.63
523,41.64
524,41.65
525,41.65
526,41.65
527,41.66
528,41.68
529,41.68
530,41.69
531,41.68
532,41.7
533,41.7
534,41.71
535,41.73
536,41.72
537,41.74
538,41.75
539,41.75
540,41.76
541,41.77
542,41.78
543,41.79
544,41.8
545,41.8
546,41.81
547,41.81
548,41.83
549,41.84
550,41.83
551,41.85
552,41.86
553,41.86
554,41.88
555,41.89
556,41.9
557,41.9
558,41.91
559,41.92
560,41.93
561,41.93
562,41.95
563,41.94
564,41.96
565,41.95
566,41.96
567,41.97
568,41.98
569,41.98
570,41.99
571,41.99
572,42
573,42
574,42.01
575,42.02
576,42.02
577,42.03
578,42.04
579,42.05
580,42.04
581,42.05
582,42.06
583,42.07
584,42.07
585,42.08
586,42.08
587,42.1
588,42.1
589,42.1
590,42.1
591,42.11
592,42.12
593,42.13
594,42.14
595,42.13
596,42.13
597,42.15
598,42.15
599,42.16
600,42.17
601,42.16
602,42.17
603,42.18
604,42.18
605,42.18
606,42.21
607,42.22
608,42.22
609,42.23
610,42.24
611,42.24
612,42.25
613,42.25
614,42.26
615,42.27
616,42.27
617,42.28
618,42.28
619,42.28
620,42.28
621,42.29
622,42.3
623,42.29
624,42.29
625,42.3
626,42.3
627,42.3
628,42.3
629,42.3
630,42.3
631,42.3
632,42.3
633,42.31
634,42.31
635,42.32
636,42.32
637,42.33
638,42.33
639,42.33
640,42.33
641,42.34
642,42.35
643,42.34
644,42.35
645,42.35
646,42.36
647,42.37
648,42.37
649,42.38
650,42.38
651,42.38
652,42.4
653,42.41
654,42.4
655,42.42
656,42.43
657,42.44
658,42.43
659,42.44
660,42.46
661,42.46
662,42.46
663,42.47
664,42.48
665,42.48
666,42.49
667,42.5
668,42.5
669,42.51
670,42.51
671,42.52
672,42.53
673,42.52
674,42.52
675,42.54
676,42.55
677,42.55
678,42.56
679,42.56
680,42.57
681,42.57
682,42.58
683,42.59
684,42.59
685,42.61
686,42.61
687,42.61
688,42.62
689,42.62
690,42.63
691,42.62
692,42.63
693,42.64
694,42.64
695,42.64
696,42.65
697,42.65
698,42.65
699,42.66
700,42.66
701,42.67
702,42.68
703,42.68
704,42.68
705,42.68
706,42.69
707,42.69
708,42.7
709,42.7
710,42.71
711,42.71
712,42.72
713,42.72
714,42.72
715,42.72
716,42.73
717,42.73
718,42.75
719,42.74
720,42.76
721,42.76
722,42.76
723,42.76
724,42.77
725,42.76
726,42.77
727,42.77
728,42.77
729,42.78
730,42.78
731,42.79
732,42.8
733,42.8
734,42.81
735,42.81
736,42.82
737,42.82
738,42.82
739,42.82
740,42.82
741,42.83
742,42.83
743,42.84
744,42.83
745,42.84
746,42.85
747,42.84
748,42.86
749,42.86
750,42.86
751,42.87
752,42.87
753,42.88
754,42.87
755,42.88
756,42.89
757,42.89
758,42.9
759,42.89
760,42.89
761,42.9
762,42.9
763,42.9
764,42.9
765,42.9
766,42.91
767,42.91
768,42.92
769,42.92
770,42.93
771,42.93
772,42.92
773,42.93
774,42.93
775,42.94
776,42.95
777,42.95
778,42.96
779,42.95
780,42.95
781,42.96
782,42.96
783,42.96
784,42.97
785,42.97
786,42.97
787,42.97
788,42.97
789,42.99
790,42.99
791,42.99
792,42.98
793,42.98
794,43
795,43
796,43
797,43.01
798,43
799,43
800,43.01
801,43.03
802,43.02
803,43.02
804,43.02
805,43.03
806,43.03
807,43.03
808,43.04
809,43.04
810,43.04
811,43.05
812,43.04
813,43.05
814,43.06
815,43.08
816,43.05
817,43.08
818,43.09
819,43.09
820,43.1
821,43.1
822,43.09
823,43.09
824,43.1
825,43.1
826,43.1
827,43.11
828,43.11
829,43.12
830,43.11
831,43.13
832,43.13
833,43.12
834,43.13
835,43.13
836,43.14
837,43.15
838,43.14
839,43.15
840,43.15
841,43.16
842,43.16
843,43.16
844,43.16
845,43.17
846,43.17
847,43.17
848,43.17
849,43.17
850,43.17
851,43.18
852,43.17
853,43.17
854,43.18
855,43.17
856,43.17
857,43.16
858,43.18
859,43.19
860,43.19
861,43.19
862,43.19
863,43.2
864,43.19
865,43.19
866,43.18
867,43.18
868,43.18
869,43.18
870,43.17
871,43.18
872,43.18
873,43.19
874,43.19
875,43.19
876,43.2
877,43.2
878,43.22
879,43.22
880,43.22
881,43.22
882,43.23
883,43.22
884,43.23
885,43.23
886,43.24
887,43.25
888,43.24
889,43.24
890,43.26
891,43.25
892,43.25
893,43.25
894,43.26
895,43.27
896,43.26
897,43.26
898,43.26
899,43.27
900,43.26
901,43.27
902,43.26
903,43.26
904,43.26
905,43.27
906,43.26
907,43.26
908,43.26
909,43.26
910,43.26
911,43.27
912,43.27
913,43.25
914,43.27
915,43.27
916,43.28
917,43.27
918,43.27
919,43.28
920,43.27
921,43.28
922,43.27
923,43.27
924,43.27
925,43.27
926,43.27
927,43.27
928,43.27
929,43.27
930,43.27
931,43.28
932,43.27
933,43.26
934,43.27
935,43.27
936,43.27
937,43.27
938,43.28
939,43.28
940,43.28
941,43.29
942,43.28
943,43.28
944,43.29
945,43.28
946,43.28
947,43.29
948,43.29
949,43.28
950,43.3
951,43.28
952,43.29
953,43.29
954,43.3
955,43.3
956,43.3
957,43.3
958,43.3
959,43.31
960,43.31
961,43.32
962,43.32
963,43.33
964,43.33
965,43.33
966,43.34
967,43.34
968,43.33
969,43.34
970,43.35
971,43.35
972,43.35
973,43.34
974,43.35
975,43.35
976,43.34
977,43.35
978,43.36
979,43.35
980,43.36
981,43.37
982,43.37
983,43.38
984,43.38
985,43.38
986,43.38
987,43.39
988,43.38
989,43.38
990,43.39
991,43.39
992,43.39
993,43.4
994,43.4
995,43.4
996,43.4
997,43.41
998,43.41
999,43.41
1000,43.42
1001,43.42
1002,43.42
1003,43.43
1004,43.42
1005,43.43
1006,43.44
1007,43.44
1008,43.44
1009,43.44
1010,43.44
1011,43.44
1012,43.44
1013,43.45
1014,43.45
1015,43.45
1016,43.46
1017,43.46
1018,43.45
1019,43.46
1020,43.46
1021,43.47
1022,43.46
1023,43.46
1024,43.46
1025,43.47
1026,43.47
1027,43.47
1028,43.47
1029,43.47
1030,43.47
1031,43.48
1032,43.48
1033,43.47
1034,43.48
1035,43.47
1036,43.47
1037,43.48
1038,43.48
1039,43.48
1040,43.49
1041,43.48
1042,43.49
1043,43.49
1044,43.49
1045,43.5
1046,43.49
1047,43.49
1048,43.51
1049,43.49
1050,43.5
1051,43.51
1052,43.51
1053,43.52
1054,43.51
1055,43.52
1056,43.51
1057,43.52
1058,43.53
1059,43.53
1060,43.53
1061,43.53
1062,43.53
1063,43.53
1064,43.55
1065,43.54
1066,43.54
1067,43.55
1068,43.55
1069,43.56
1070,43.56
1071,43.57
1072,43.57
1073,43.57
1074,43.57
1075,43.58
1076,43.58
1077,43.58
1078,43.59
1079,43.58
1080,43.59
1081,43.6
1082,43.6
1083,43.6
1084,43.6
1085,43.6
1086,43.6
1087,43.61
1088,43.61
1089,43.61
1090,43.62
1091,43.62
1092,43.62
1093,43.62
1094,43.63
1095,43.63
1096,43.63
1097,43.63
1098,43.63
1099,43.63
1100,43.64
1101,43.64
1102,43.64
1103,43.66
1104,43.65
1105,43.66
1106,43.66
1107,43.66
1108,43.67
1109,43.67
1110,43.68
1111,43.68
1112,43.69
1113,43.69
1114,43.69
1115,43.69
1116,43.71
1117,43.7
1118,43.69
1119,43.71
1120,43.69
1121,43.71
1122,43.71
1123,43.71
1124,43.72
1125,43.72
1126,43.72
1127,43.73
1128,43.72
1129,43.73
1130,43.74
1131,43.74
1132,43.74
1133,43.74
1134,43.74
1135,43.74
1136,43.74
1137,43.76
1138,43.76
1139,43.76
1140,43.75
1141,43.75
1142,43.76
1143,43.76
1144,43.77
1145,43.77
1146,43.77
1147,43.78
1148,43.78
1149,43.77
1150,43.78
1151,43.79
1152,43.79
1153,43.8
1154,43.81
1155,43.8
1156,43.8
1157,43.81
1158,43.8
1159,43.81
1160,43.81
1161,43.81
1162,43.82
1163,43.82
1164,43.82
1165,43.82
1166,43.83
1167,43.84
1168,43.83
1169,43.83
1170,43.83
1171,43.84
1172,43.84
1173,43.84
1174,43.84
1175,43.84
1176,43.84
1177,43.86
1178,43.86
1179,43.86
1180,43.87
1181,43.87
1182,43.86
1183,43.87
1184,43.88
1185,43.88
1186,43.89
1187,43.88
1188,43.89
1189,43.88
1190,43.89
1191,43.88
1192,43.89
1193,43.89
1194,43.89
1195,43.91
1196,43.91
1197,43.9
1198,43.9
1199,43.9
1200,43.91
1201,43.91
1202,43.91
1203,43.91
1204,43.91
1205,43.92
1206,43.92
1207,43.93
1208,43.93
1209,43.92
1210,43.94
1211,43.94
1212,43.94
1213,43.94
1214,43.94
1215,43.96
1216,43.95
1217,43.97
1218,43.96
1219,43.96
1220,43.96
1221,43.97
1222,43.97
1223,43.96
1224,43.97
1225,43.97
1226,43.98
1227,43.98
1228,43.98
1229,43.98
1230,43.98
1231,43.98
1232,43.98
1233,43.99
1234,44
1235,44
1236,43.99
1237,43.99
1238,44
1239,44
1240,44
1241,44.01
1242,44
1243,44.01
1244,44.02
1245,44.01
1246,44.02
1247,44.01
1248,44.03
1249,44.01
1250,44.02
1251,44.02
1252,44.03
1253,44.02
1254,44.03
1255,44.02
1256,44.02
1257,44.03
1258,44.02
1259,44.04
1260,44.04
1261,44.04
1262,44.04
1263,44.04
1264,44.05
1265,44.04
1266,44.04
1267,44.04
1268,44.05
1269,44.06
1270,44.05
1271,44.06
1272,44.05
1273,44.06
1274,44.05
1275,44.06
1276,44.06
1277,44.07
1278,44.06
1279,44.07
1280,44.07
1281,44.07
1282,44.08
1283,44.09
1284,44.08
1285,44.08
1286,44.08
1287,44.09
1288,44.09
1289,44.08
1290,44.1
1291,44.09
1292,44.09
1293,44.09
1294,44.09
1295,44.09
1296,44.09
1297,44.1
1298,44.1
1299,44.08
1300,44.09
1301,44.09
1302,44.1
1303,44.09
1304,44.09
1305,44.1
1306,44.09
1307,44.1
1308,44.1
1309,44.1
1310,44.11
1311,44.11
1312,44.11
1313,44.1
1314,44.11
1315,44.11
1316,44.11
1317,44.12
1318,44.11
1319,44.12
1320,44.12
1321,44.12
1322,44.12
1323,44.13
1324,44.12
1325,44.13
1326,44.13
1327,44.12
1328,44.12
1329,44.13
1330,44.13
1331,44.13
1332,44.14
1333,44.14
1334,44.14
1335,44.14
1336,44.15
1337,44.15
1338,44.16
1339,44.15
1340,44.16
1341,44.16
1342,44.17
1343,44.17
1344,44.17
1345,44.18
1346,44.18
1347,44.18
1348,44.17
1349,44.17
1350,44.18
1351,44.19
1352,44.18
1353,44.19
1354,44.19
1355,44.19
1356,44.19
1357,44.19
1358,44.19
1359,44.19
1360,44.2
1361,44.19
1362,44.2
1363,44.2
1364,44.2
1365,44.2
1366,44.19
1367,44.2
1368,44.21
1369,44.2
1370,44.2
1371,44.21
1372,44.22
1373,44.21
1374,44.21
1375,44.21
1376,44.22
1377,44.22
1378,44.23
1379,44.23
1380,44.23
1381,44.23
1382,44.23
1383,44.23
1384,44.24
1385,44.24
1386,44.25
1387,44.24
1388,44.24
1389,44.25
1390,44.24
1391,44.24
1392,44.24
1393,44.23
1394,44.24
1395,44.23
1396,44.23
1397,44.23
1398,44.23
1399,44.22
1400,44.22
1401,44.22
1402,44.22
1403,44.21
1404,44.2
1405,44.2
1406,44.19
1407,44.2
1408,44.19
1409,44.19
1410,44.2
1411,44.19
1412,44.2
1413,44.19
1414,44.19
1415,44.2
1416,44.2
1417,44.2
1418,44.21
1419,44.21
1420,44.22
1421,44.22
1422,44.22
1423,44.22
1424,44.24
1425,44.24
1426,44.24
1427,44.25
1428,44.25
1429,44.25
1430,44.26
1431,44.25
1432,44.26
1433,44.27
1434,44.27
1435,44.28
1436,44.28
1437,44.28
1438,44.28
1439,44.28
1440,44.28
1441,44.29
1442,44.28
1443,44.29
1444,44.3
1445,44.3
1446,44.31
1447,44.29
1448,44.3
1449,44.3
1450,44.3
1451,44.31
1452,44.31
1453,44.31
1454,44.31
1455,44.31
1456,44.31
1457,44.32
1458,44.33
1459,44.33
1460,44.33
1461,44.33
1462,44.34
1463,44.34
1464,44.34
1465,44.34
1466,44.33
1467,44.34
1468,44.33
1469,44.33
1470,44.34
1471,44.35
1472,44.34
1473,44.34
1474,44.34
1475,44.34
1476,44.34
1477,44.34
1478,44.35
1479,44.35
1480,44.35
1481,44.35
1482,44.35
1483,44.35
1484,44.36
1485,44.36
1486,44.36
1487,44.36
1488,44.36
1489,44.36
1490,44.36
1491,44.37
1492,44.37
1493,44.37
1494,44.37
1495,44.37
1496,44.38
1497,44.38
1498,44.37
1499,44.38
1500,44.39
1501,44.39
1502,44.39
1503,44.39
1504,44.39
1505,44.39
1506,44.4
1507,44.4
1508,44.39
1509,44.4
1510,44.4
1511,44.41
1512,44.41
1513,44.42
1514,44.42
1515,44.42
1516,44.43
1517,44.43
1518,44.44
1519,44.44
1520,44.44
1521,44.45
1522,44.44
1523,44.45
1524,44.45
1525,44.45
1526,44.45
1527,44.46
1528,44.46
1529,44.46
1530,44.46
1531,44.46
1532,44.47
1533,44.46
1534,44.46
1535,44.47
1536,44.46
1537,44.47
1538,44.47
1539,44.47
1540,44.48
1541,44.47
1542,44.47
1543,44.48
1544,44.47
1545,44.47
1546,44.48
1547,44.48
1548,44.48
1549,44.48
1550,44.48
1551,44.48
1552,44.48
1553,44.48
1554,44.49
1555,44.49
1556,44.49
1557,44.49
1558,44.5
1559,44.49
1560,44.5
1561,44.5
1562,44.49
1563,44.49
1564,44.49
1565,44.5
1566,44.49
1567,44.5
1568,44.49
1569,44.49
1570,44.49
1571,44.49
1572,44.49
1573,44.48
1574,44.49
1575,44.48
1576,44.48
1577,44.49
1578,44.49
1579,44.49
1580,44.48
1581,44.49
1582,44.49
1583,44.5
1584,44.5
1585,44.5
1586,44.51
1587,44.5
1588,44.5
1589,44.5
1590,44.51
1591,44.51
1592,44.5
1593,44.5
1594,44.51
1595,44.52
1596,44.51
1597,44.52
1598,44.53
1599,44.53
1600,44.53
1601,44.52
1602,44.53
1603,44.53
1604,44.53
1605,44.53
1606,44.53
1607,44.54
1608,44.54
1609,44.54
1610,44.55
1611,44.55
1612,44.55
1613,44.56
1614,44.56
1615,44.56
1616,44.56
1617,44.56
1618,44.56
1619,44.56
1620,44.56
1621,44.57
1622,44.57
1623,44.56
1624,44.57
1625,44.57
1626,44.56
1627,44.57
1628,44.58
1629,44.57
1630,44.58
1631,44.58
1632,44.58
1633,44.59
1634,44.59
1635,44.58
1636,44.59
1637,44.59
1638,44.59
1639,44.59
1640,44.59
1641,44.59
1642,44.6
1643,44.6
1644,44.59
1645,44.58
1646,44.58
1647,44.58
1648,44.57
1649,44.57
1650,44.57
1651,44.55
1652,44.56
1653,44.56
1654,44.56
1655,44.56
1656,44.54
1657,44.54
1658,44.55
1659,44.55
1660,44.55
1661,44.55
1662,44.55
1663,44.55
1664,44.56
1665,44.57
1666,44.56
1667,44.56
1668,44.57
1669,44.58
1670,44.58
1671,44.58
1672,44.58
1673,44.58
1674,44.59
1675,44.59
1676,44.59
1677,44.6
1678,44.6
1679,44.59
1680,44.6
1681,44.6
1682,44.6
1683,44.6
1684,44.59
1685,44.6
1686,44.61
1687,44.61
1688,44.61
1689,44.61
1690,44.62
1691,44.61
1692,44.62
1693,44.62
1694,44.62
1695,44.61
1696,44.62
1697,44.62
1698,44.62
1699,44.63
1700,44.62
1701,44.63
1702,44.63
1703,44.63
1704,44.63
1705,44.62
1706,44.63
1707,44.63
1708,44.63
1709,44.63
1710,44.63
1711,44.62
1712,44.62
1713,44.62
1714,44.63
1715,44.63
1716,44.63
1717,44.63
1718,44.63
1719,44.64
1720,44.63
1721,44.64
1722,44.64
1723,44.64
1724,44.64
1725,44.64
1726,44.64
1727,44.64
1728,44.64
1729,44.64
1730,44.64
1731,44.64
1732,44.64
1733,44.66
1734,44.65
1735,44.65
1736,44.65
1737,44.64
1738,44.65
1739,44.65
1740,44.65
1741,44.66
1742,44.66
1743,44.65
1744,44.66
1745,44.66
1746,44.65
1747,44.66
1748,44.67
1749,44.66
1750,44.66
1751,44.67
1752,44.67
1753,44.67
1754,44.68
1755,44.67
1756,44.68
1757,44.68
1758,44.67
1759,44.68
1760,44.68
1761,44.69
1762,44.69
1763,44.69
1764,44.69
1765,44.69
1766,44.69
1767,44.69
1768,44.69
1769,44.7
1770,44.69
1771,44.69
1772,44.69
1773,44.69
1774,44.71
1775,44.69
1776,44.69
1777,44.69
1778,44.69
1779,44.69
1780,44.69
1781,44.69
1782,44.69
1783,44.69
1784,44.69
1785,44.71
1786,44.69
1787,44.7
1788,44.69
1789,44.7
1790,44.71
1791,44.71
1792,44.71
1793,44.71
1794,44.71
1795,44.71
1796,44.71
1797,44.71
1798,44.72
1799,44.72
1800,44.72
1801,44.72
1802,44.72
1803,44.72
1804,44.71
1805,44.73
1806,44.72
1807,44.73
1808,44.73
1809,44.73
1810,44.74
1811,44.73
1812,44.73
1813,44.73
1814,44.74
1815,44.73
1816,44.74
1817,44.73
1818,44.73
1819,44.74
1820,44.74
1821,44.75
1822,44.74
1823,44.74
1824,44.74
1825,44.73
1826,44.73
1827,44.73
1828,44.73
1829,44.73
1830,44.73
1831,44.73
1832,44.73
1833,44.73
1834,44.73
1835,44.73
1836,44.74
1837,44.73
1838,44.74
1839,44.74
1840,44.74
1841,44.75
1842,44.74
1843,44.74
1844,44.75
1845,44.73
1846,44.74
1847,44.74
1848,44.74
1849,44.74
1850,44.75
1851,44.74
1852,44.75
1853,44.75
1854,44.75
1855,44.76
1856,44.75
1857,44.75
1858,44.75
1859,44.74
1860,44.75
1861,44.75
1862,44.75
1863,44.76
1864,44.75
1865,44.75
1866,44.76
1867,44.75
1868,44.75
1869,44.75
1870,44.75
1871,44.75
1872,44.75
1873,44.75
1874,44.75
1875,44.76
1876,44.76
1877,44.76
1878,44.76
1879,44.76
1880,44.76
1881,44.75
1882,44.75
1883,44.76
1884,44.77
1885,44.76
1886,44.77
1887,44.76
1888,44.77
1889,44.77
1890,44.77
1891,44.78
1892,44.77
1893,44.76
1894,44.77
1895,44.78
1896,44.78
1897,44.77
1898,44.77
1899,44.78
1900,44.78
1901,44.77
1902,44.78
1903,44.78
1904,44.78
1905,44.78
1906,44.8
1907,44.8
1908,44.79
1909,44.78
1910,44.78
1911,44.79
1912,44.78
1913,44.78
1914,44.78
1915,44.78
1916,44.79
1917,44.8
1918,44.8
1919,44.79
1920,44.79
1921,44.79
1922,44.81
1923,44.79
1924,44.8
1925,44.8
1926,44.79
1927,44.8
1928,44.8
1929,44.81
1930,44.8
1931,44.8
1932,44.8
1933,44.8
1934,44.8
1935,44.81
1936,44.81
1937,44.8
1938,44.8
1939,44.81
1940,44.81
1941,44.8
1942,44.8
1943,44.8
1944,44.81
1945,44.8
1946,44.8
1947,44.8
1948,44.8
1949,44.81
1950,44.8
1951,44.8
1952,44.81
1953,44.8
1954,44.8
1955,44.81
1956,44.81
1957,44.81
1958,44.82
1959,44.82
1960,44.81
1961,44.82
1962,44.81
1963,44.81
1964,44.82
1965,44.82
1966,44.82
1967,44.83
1968,44.83
1969,44.83
1970,44.83
1971,44.83
1972,44.83
1973,44.82
1974,44.83
1975,44.83
1976,44.83
1977,44.83
1978,44.82
1979,44.83
1980,44.83
1981,44.83
1982,44.84
1983,44.84
1984,44.84
1985,44.84
1986,44.84
1987,44.84
1988,44.84
1989,44.84
1990,44.84
1991,44.84
1992,44.85
1993,44.85
1994,44.84
1995,44.85
1996,44.84
1997,44.85
1998,44.85
1999,44.85
2000,44.86
2001,44.85
2002,44.85
2003,44.85
2004,44.85
2005,44.85
2006,44.85
2007,44.86
2008,44.86
2009,44.86
2010,44.85
2011,44.85
2012,44.86
2013,44.86
2014,44.86
2015,44.86
2016,44.87
2017,44.86
2018,44.87
2019,44.87
2020,44.87
2021,44.87
2022,44.86
2023,44.86
2024,44.87
2025,44.87
2026,44.87
2027,44.87
2028,44.88
2029,44.87
2030,44.87
2031,44.88
2032,44.87
2033,44.87
2034,44.87
2035,44.86
2036,44.87
2037,44.87
2038,44.87
2039,44.87
2040,44.88
2041,44.88
2042,44.88
2043,44.87
2044,44.87
2045,44.87
2046,44.87
2047,44.88
2048,44.87
2049,44.87
2050,44.87
2051,44.87
2052,44.87
2053,44.87
2054,44.88
2055,44.87
2056,44.88
2057,44.87
2058,44.88
2059,44.88
2060,44.89
2061,44.89
2062,44.88
2063,44.88
2064,44.89
2065,44.88
2066,44.89
2067,44.89
2068,44.9
2069,44.9
2070,44.9
2071,44.89
2072,44.9
2073,44.9
2074,44.89
2075,44.89
2076,44.89
2077,44.89
2078,44.89
2079,44.89
2080,44.89
2081,44.9
2082,44.9
2083,44.9
2084,44.9
2085,44.91
2086,44.9
2087,44.91
2088,44.9
2089,44.91
2090,44.9
2091,44.91
2092,44.91
2093,44.91
2094,44.92
2095,44.91
2096,44.91
2097,44.92
2098,44.92
2099,44.92
2100,44.93
2101,44.93
2102,44.93
2103,44.92
2104,44.93
2105,44.92
2106,44.92
2107,44.92
2108,44.93
2109,44.93
2110,44.93
2111,44.93
2112,44.93
2113,44.93
2114,44.93
2115,44.94
2116,44.92
2117,44.93
2118,44.93
2119,44.94
2120,44.93
2121,44.93
2122,44.93
2123,44.94
2124,44.94
2125,44.94
2126,44.94
2127,44.94
2128,44.94
2129,44.94
2130,44.95
2131,44.94
2132,44.94
2133,44.94
2134,44.94
2135,44.95
2136,44.94
2137,44.95
2138,44.94
2139,44.95
2140,44.95
2141,44.94
2142,44.93
2143,44.93
2144,44.93
2145,44.94
2146,44.94
2147,44.93
2148,44.93
2149,44.93
2150,44.94
2151,44.94
2152,44.94
2153,44.94
2154,44.94
2155,44.95
2156,44.95
2157,44.94
2158,44.94
2159,44.95
2160,44.95
2161,44.94
2162,44.94
